2010.000 5.609
2020.000 5.644
2030.000 5.651
2040.000 5.748
2050.000 5.793
2060.000 5.841
2070.000 5.886
2080.000 5.890
2090.000 5.921
2100.000 5.984
2110.000 6.003
2120.000 6.050
2130.000 6.108
2140.000 6.134
2150.000 6.202
2160.000 6.245
2170.000 6.262
2180.000 6.230
2190.000 6.268
2200.000 6.298
2210.000 6.306
2220.000 6.333
2230.000 6.357
2240.000 6.333
2250.000 6.318
2260.000 6.317
2270.000 6.391
2280.000 6.333
2290.000 6.370
2300.000 6.358
2310.000 6.418
2320.000 6.342
2330.000 6.408
2340.000 6.432
2350.000 6.386
2360.000 6.587
2370.000 6.630
2380.000 6.627
2390.000 6.784
2400.000 6.926
2410.000 7.057
2420.000 7.182
2430.000 7.336
2440.000 7.523
2450.000 8.007
2460.000 8.090
2470.000 8.346
2480.000 8.779
2490.000 9.096
2500.000 9.594
2510.000 10.078
2520.000 10.902
2530.000 11.778
2540.000 12.753
2550.000 13.950
2560.000 15.355
2570.000 16.803
2580.000 19.002
2590.000 21.647
2600.000 25.018
2610.000 27.705
2620.000 29.098
2630.000 28.405
2640.000 26.214
2650.000 22.736
2660.000 19.313
2670.000 16.412
2680.000 13.757
2690.000 12.069
2700.000 10.601
2710.000 9.530
2720.000 8.728
2730.000 7.962
2740.000 7.268
2750.000 6.683
2760.000 6.114
2770.000 5.693
2780.000 5.281
2790.000 5.004
2800.000 4.827
2810.000 4.488
2820.000 4.275
2830.000 4.085
2840.000 3.832
2850.000 3.669
2860.000 3.527
2870.000 3.465
2880.000 3.309
2890.000 3.171
2900.000 3.071
2910.000 3.042
2920.000 2.951
2930.000 2.802
2940.000 2.763
2950.000 2.711
2960.000 2.640
2970.000 2.615
2980.000 2.563
2990.000 2.507
3000.000 2.499
3010.000 2.447
3020.000 2.438
3030.000 2.331
3040.000 2.385
3050.000 2.378
3060.000 2.345
3070.000 2.379
3080.000 2.313
3090.000 2.338
3100.000 2.352
3110.000 2.340
3120.000 2.364
3130.000 2.351
3140.000 2.400
3150.000 2.430
3160.000 2.467
3170.000 2.499
3180.000 2.514
3190.000 2.554
3200.000 2.587
3210.000 2.602
3220.000 2.700
3230.000 2.763
3240.000 2.808
3250.000 2.981
3260.000 3.036
3270.000 3.126
3280.000 3.171
3290.000 3.345
3300.000 3.487
3310.000 3.685
3320.000 3.887
3330.000 4.086
3340.000 4.421
3350.000 4.628
3360.000 4.957
3370.000 5.368
3380.000 5.985
3390.000 6.684
3400.000 7.538
3410.000 8.647
3420.000 9.750
3430.000 11.522
3440.000 13.772
3450.000 17.621
3460.000 20.477
3470.000 21.328
3480.000 18.630
3490.000 15.468
3500.000 12.314
3510.000 10.000
3520.000 8.467
3530.000 6.817
3540.000 6.131
3550.000 5.429
3560.000 4.980
3570.000 4.477
3580.000 4.081
3590.000 3.756
3600.000 3.470
3610.000 3.214
3620.000 3.008
3630.000 2.839
3640.000 2.738
3650.000 2.553
3660.000 2.433
3670.000 2.319
3680.000 2.215
3690.000 2.111
3700.000 1.997
3710.000 1.946
3720.000 1.894
3730.000 1.832
3740.000 1.836
3750.000 1.767
3760.000 1.691
3770.000 1.684
3780.000 1.602
3790.000 1.585
3800.000 1.536
3810.000 1.503
3820.000 1.503
3830.000 1.464
3840.000 1.446
3850.000 1.449
3860.000 1.408
3870.000 1.391
3880.000 1.380
3890.000 1.389
3900.000 1.345
3910.000 1.392
3920.000 1.386
3930.000 1.374
3940.000 1.360
3950.000 1.386
3960.000 1.383
3970.000 1.391
3980.000 1.360
3990.000 1.380
4000.000 1.413
4010.000 1.406
4020.000 1.444
4030.000 1.424
4040.000 1.452
4050.000 1.480
4060.000 1.506
4070.000 1.547
4080.000 1.603
4090.000 1.623
4100.000 1.706
4110.000 1.737
4120.000 1.765
4130.000 1.841
4140.000 1.906
4150.000 1.995
4160.000 2.117
4170.000 2.218
4180.000 2.301
4190.000 2.454
4200.000 2.632
4210.000 2.862
4220.000 3.034
4230.000 3.429
4240.000 3.836
4250.000 4.306
4260.000 4.792
4270.000 5.576
4280.000 6.661
4290.000 8.232
4300.000 10.221
4310.000 13.077
4320.000 14.243
4330.000 12.614
4340.000 9.784
4350.000 8.041
4360.000 6.502
4370.000 5.376
4380.000 4.572
4390.000 3.888
4400.000 3.450
4410.000 3.156
4420.000 2.831
4430.000 2.645
4440.000 2.413
4450.000 2.230
4460.000 2.010
4470.000 1.913
4480.000 1.767
4490.000 1.699
4500.000 1.638
4510.000 1.548
4520.000 1.512
4530.000 1.487
4540.000 1.452
4550.000 1.487
4560.000 1.449
4570.000 1.453
4580.000 1.451
4590.000 1.443
4600.000 1.432
4610.000 1.452
4620.000 1.506
4630.000 1.538
4640.000 1.570
4650.000 1.602
4660.000 1.617
4670.000 1.667
4680.000 1.737
4690.000 1.810
4700.000 1.854
4710.000 1.937
4720.000 2.032
4730.000 2.098
4740.000 2.204
4750.000 2.256
4760.000 2.345
4770.000 2.491
4780.000 2.597
4790.000 2.723
4800.000 2.889
4810.000 2.945
4820.000 3.103
4830.000 3.239
4840.000 3.423
4850.000 3.671
4860.000 3.782
4870.000 3.968
4880.000 4.135
4890.000 4.334
4900.000 4.553
4910.000 4.741
4920.000 4.970
4930.000 5.239
4940.000 5.494
4950.000 5.743
4960.000 6.014
4970.000 6.222
4980.000 6.523
4990.000 6.808
5000.000 7.118
5010.000 7.566
5020.000 7.967
5030.000 8.476
5040.000 8.956
5050.000 9.405
5060.000 10.037
5070.000 10.795
5080.000 11.912
5090.000 13.084
5100.000 14.536
5110.000 16.294
5120.000 18.762
5130.000 21.226
5140.000 25.337
5150.000 31.061
5160.000 40.440
5170.000 48.489
5180.000 50.367
5190.000 41.964
5200.000 31.705
5210.000 25.782
5220.000 20.535
5230.000 17.061
5240.000 14.091
5250.000 12.291
5260.000 10.841
5270.000 9.708
5280.000 8.931
5290.000 8.120
5300.000 7.427
5310.000 6.896
5320.000 6.316
5330.000 5.903
5340.000 5.538
5350.000 5.203
5360.000 4.877
5370.000 4.792
5380.000 4.524
5390.000 4.298
5400.000 4.118
5410.000 3.968
5420.000 3.827
5430.000 3.709
5440.000 3.617
5450.000 3.497
5460.000 3.406
5470.000 3.285
5480.000 3.192
5490.000 3.135
5500.000 3.076
5510.000 3.011
5520.000 2.956
5530.000 2.928
5540.000 2.889
5550.000 2.837
5560.000 2.747
5570.000 2.709
5580.000 2.708
5590.000 2.677
5600.000 2.614
5610.000 2.608
5620.000 2.583
5630.000 2.590
5640.000 2.581
5650.000 2.553
5660.000 2.571
5670.000 2.538
5680.000 2.580
5690.000 2.631
5700.000 2.652
5710.000 2.641
5720.000 2.678
5730.000 2.736
5740.000 2.782
5750.000 2.828
5760.000 2.847
5770.000 2.939
5780.000 3.017
5790.000 3.114
5800.000 3.200
5810.000 3.327
5820.000 3.401
5830.000 3.521
5840.000 3.643
5850.000 3.830
5860.000 4.022
5870.000 4.237
5880.000 4.483
5890.000 4.735
5900.000 5.111
5910.000 5.349
5920.000 5.814
5930.000 6.318
5940.000 7.053
5950.000 7.889
5960.000 8.916
5970.000 10.229
5980.000 12.426
5990.000 13.877
6000.000 17.143
6010.000 22.653
6020.000 28.308
6030.000 31.854
6040.000 28.577
6050.000 21.678
6060.000 17.465
6070.000 13.870
6080.000 11.449
6090.000 9.435
6100.000 8.196
6110.000 7.279
6120.000 6.809
6130.000 6.076
6140.000 5.509
6150.000 5.080
6160.000 4.735
6170.000 4.371
6180.000 4.076
6190.000 3.888
6200.000 3.724
6210.000 3.532
6220.000 3.355
6230.000 3.246
6240.000 3.079
6250.000 2.975
6260.000 2.887
6270.000 2.785
6280.000 2.677
6290.000 2.644
6300.000 2.579
6310.000 2.486
6320.000 2.412
6330.000 2.397
6340.000 2.341
6350.000 2.290
6360.000 2.298
6370.000 2.250
6380.000 2.231
6390.000 2.211
6400.000 2.138
6410.000 2.155
6420.000 2.108
6430.000 2.067
6440.000 2.092
6450.000 2.093
6460.000 2.055
6470.000 2.073
6480.000 2.064
6490.000 2.080
6500.000 2.121
6510.000 2.130
6520.000 2.110
6530.000 2.121
6540.000 2.198
6550.000 2.163
6560.000 2.196
6570.000 2.262
6580.000 2.287
6590.000 2.341
6600.000 2.393
6610.000 2.418
6620.000 2.511
6630.000 2.547
6640.000 2.662
6650.000 2.742
6660.000 2.819
6670.000 2.939
6680.000 3.014
6690.000 3.096
6700.000 3.252
6710.000 3.449
6720.000 3.640
6730.000 3.809
6740.000 4.036
6750.000 4.265
6760.000 4.558
6770.000 4.941
6780.000 5.395
6790.000 5.977
6800.000 6.630
6810.000 7.485
6820.000 8.296
6830.000 9.582
6840.000 11.368
6850.000 13.804
6860.000 17.175
6870.000 22.509
6880.000 26.596
6890.000 26.438
6900.000 21.289
6910.000 17.155
6920.000 13.517
6930.000 11.028
6940.000 9.276
6950.000 7.793
6960.000 6.882
6970.000 6.158
6980.000 5.563
6990.000 5.208
7000.000 4.762
7010.000 4.409
7020.000 4.078
7030.000 3.816
7040.000 3.610
7050.000 3.428
7060.000 3.235
7070.000 3.129
7080.000 2.997
7090.000 2.896
7100.000 2.736
7110.000 2.647
7120.000 2.623
7130.000 2.516
7140.000 2.442
7150.000 2.399
7160.000 2.322
7170.000 2.278
7180.000 2.171
7190.000 2.150
7200.000 2.156
7210.000 2.134
7220.000 2.094
7230.000 2.056
7240.000 2.042
7250.000 2.046
7260.000 2.005
7270.000 2.017
7280.000 1.966
7290.000 1.992
7300.000 1.952
7310.000 1.949
7320.000 1.951
7330.000 1.973
7340.000 1.984
7350.000 1.963
7360.000 2.004
7370.000 1.995
7380.000 1.993
7390.000 2.032
7400.000 2.031
7410.000 2.038
7420.000 2.104
7430.000 2.077
7440.000 2.117
7450.000 2.154
7460.000 2.217
7470.000 2.263
7480.000 2.308
7490.000 2.402
7500.000 2.455
7510.000 2.521
7520.000 2.620
7530.000 2.662
7540.000 2.800
7550.000 2.871
7560.000 3.075
7570.000 3.215
7580.000 3.393
7590.000 3.630
7600.000 3.827
7610.000 4.044
7620.000 4.359
7630.000 4.664
7640.000 5.216
7650.000 5.719
7660.000 6.367
7670.000 7.222
7680.000 8.231
7690.000 9.336
7700.000 11.109
7710.000 13.568
7720.000 17.736
7730.000 21.998
7740.000 24.985
7750.000 23.408
7760.000 18.364
7770.000 14.919
7780.000 11.895
7790.000 9.784
7800.000 8.062
7810.000 7.020
7820.000 6.229
7830.000 5.579
7840.000 4.997
7850.000 4.757
7860.000 4.368
7870.000 4.057
7880.000 3.738
7890.000 3.502
7900.000 3.304
7910.000 3.114
7920.000 2.964
7930.000 2.866
7940.000 2.776
7950.000 2.612
7960.000 2.543
7970.000 2.440
7980.000 2.384
7990.000 2.316
8000.000 2.294
8010.000 2.274
8020.000 2.207
8030.000 2.138
8040.000 2.119
8050.000 2.083
8060.000 2.030
8070.000 2.020
8080.000 1.981
8090.000 1.961
8100.000 1.955
8110.000 1.915
8120.000 1.886
8130.000 1.877
8140.000 1.771
8150.000 1.766
8160.000 1.724
8170.000 1.778
8180.000 1.768
8190.000 1.786
8200.000 1.802
8210.000 1.830
8220.000 1.758
8230.000 1.795
8240.000 1.843
8250.000 1.801
8260.000 1.831
8270.000 1.854
8280.000 1.887
8290.000 1.918
8300.000 1.938
8310.000 1.974
8320.000 2.006
8330.000 2.094
8340.000 2.173
8350.000 2.284
8360.000 2.356
8370.000 2.481
8380.000 2.477
8390.000 2.605
8400.000 2.671
8410.000 2.782
8420.000 2.927
8430.000 3.092
8440.000 3.264
8450.000 3.404
8460.000 3.723
8470.000 3.874
8480.000 4.160
8490.000 4.505
8500.000 5.021
8510.000 5.544
8520.000 6.212
8530.000 7.086
8540.000 7.924
8550.000 9.339
8560.000 11.249
8570.000 14.469
8580.000 17.957
8590.000 21.429
8600.000 22.176
8610.000 18.773
8620.000 13.819
8630.000 12.056
8640.000 9.857
8650.000 8.004
8660.000 6.877
8670.000 5.919
8680.000 5.263
8690.000 4.875
8700.000 4.436
8710.000 4.070
8720.000 3.763
8730.000 3.483
8740.000 3.223
8750.000 3.059
8760.000 2.873
8770.000 2.738
8780.000 2.615
8790.000 2.551
8800.000 2.420
8810.000 2.322
8820.000 2.254
8830.000 2.182
8840.000 2.129
8850.000 2.049
8860.000 1.967
8870.000 1.950
8880.000 1.882
8890.000 1.878
8900.000 1.776
8910.000 1.798
8920.000 1.739
8930.000 1.709
8940.000 1.704
8950.000 1.727
8960.000 1.672
8970.000 1.641
8980.000 1.660
8990.000 1.612
9000.000 1.607
9010.000 1.586
9020.000 1.607
9030.000 1.546
9040.000 1.501
9050.000 1.440
9060.000 1.501
9070.000 1.537
9080.000 1.546
9090.000 1.553
9100.000 1.587
9110.000 1.617
9120.000 1.637
9130.000 1.666
9140.000 1.652
9150.000 1.724
9160.000 1.750
9170.000 1.781
9180.000 1.810
9190.000 1.851
9200.000 1.919
9210.000 1.985
9220.000 2.004
9230.000 2.124
9240.000 2.193
9250.000 2.225
9260.000 2.334
9270.000 2.431
9280.000 2.558
9290.000 2.686
9300.000 2.819
9310.000 2.981
9320.000 3.181
9330.000 3.373
9340.000 3.654
9350.000 4.012
9360.000 4.451
9370.000 4.943
9380.000 5.527
9390.000 6.137
9400.000 7.078
9410.000 8.337
9420.000 10.074
9430.000 12.897
9440.000 15.874
9450.000 18.237
9460.000 17.941
9470.000 15.464
9480.000 11.995
9490.000 9.561
9500.000 7.857
9510.000 6.503
9520.000 5.663
9530.000 5.023
9540.000 4.465
9550.000 4.183
9560.000 3.809
9570.000 3.530
9580.000 3.179
9590.000 3.004
9600.000 2.807
9610.000 2.658
9620.000 2.532
9630.000 2.371
9640.000 2.296
9650.000 2.196
9660.000 2.089
9670.000 2.023
9680.000 1.923
9690.000 1.903
9700.000 1.838
9710.000 1.784
9720.000 1.738
9730.000 1.714
9740.000 1.640
9750.000 1.605
9760.000 1.603
9770.000 1.527
9780.000 1.512
9790.000 1.510
9800.000 1.463
9810.000 1.454
9820.000 1.447
9830.000 1.419
9840.000 1.398
9850.000 1.408
9860.000 1.405
9870.000 1.406
9880.000 1.386
9890.000 1.408
9900.000 1.385
9910.000 1.426
9920.000 1.412
9930.000 1.431
9940.000 1.440
9950.000 1.431
9960.000 1.502
9970.000 1.438
9980.000 1.481
9990.000 1.467
10000.000 1.463
10010.000 1.500
10020.000 1.494
10030.000 1.523
10040.000 1.602
10050.000 1.640
10060.000 1.674
10070.000 1.726
10080.000 1.779
10090.000 1.824
10100.000 1.894
10110.000 1.988
10120.000 2.046
10130.000 2.148
10140.000 2.266
10150.000 2.378
10160.000 2.517
10170.000 2.620
10180.000 2.793
10190.000 3.016
10200.000 3.336
10210.000 3.631
10220.000 4.019
10230.000 4.453
10240.000 5.063
10250.000 5.661
10260.000 6.580
10270.000 7.837
10280.000 9.943
10290.000 12.110
10300.000 14.227
10310.000 14.872
10320.000 13.584
10330.000 10.911
10340.000 8.690
10350.000 7.132
10360.000 5.790
10370.000 5.010
10380.000 4.427
10390.000 3.933
10400.000 3.637
10410.000 3.288
10420.000 3.002
10430.000 2.762
10440.000 2.509
10450.000 2.349
10460.000 2.247
10470.000 2.135
10480.000 1.976
10490.000 1.922
10500.000 1.815
10510.000 1.730
10520.000 1.660
10530.000 1.638
10540.000 1.538
10550.000 1.513
10560.000 1.466
10570.000 1.452
10580.000 1.395
10590.000 1.371
10600.000 1.304
10610.000 1.330
10620.000 1.263
10630.000 1.268
10640.000 1.226
10650.000 1.209
10660.000 1.191
10670.000 1.168
10680.000 1.186
10690.000 1.158
10700.000 1.157
10710.000 1.157
10720.000 1.140
10730.000 1.141
10740.000 1.119
10750.000 1.148
10760.000 1.115
10770.000 1.120
10780.000 1.167
10790.000 1.150
10800.000 1.171
10810.000 1.141
10820.000 1.171
10830.000 1.169
10840.000 1.196
10850.000 1.236
10860.000 1.199
10870.000 1.241
10880.000 1.278
10890.000 1.307
10900.000 1.313
10910.000 1.384
10920.000 1.412
10930.000 1.464
10940.000 1.486
10950.000 1.547
10960.000 1.611
10970.000 1.636
10980.000 1.744
10990.000 1.807
11000.000 1.915
11010.000 2.021
11020.000 2.158
11030.000 2.283
11040.000 2.395
11050.000 2.576
11060.000 2.857
11070.000 3.107
11080.000 3.441
11090.000 3.805
11100.000 4.418
11110.000 4.776
11120.000 5.672
11130.000 7.057
11140.000 8.620
11150.000 10.444
11160.000 11.978
11170.000 11.978
11180.000 9.734
11190.000 8.488
11200.000 6.833
11210.000 5.435
11220.000 4.658
11230.000 4.040
11240.000 3.598
11250.000 3.165
11260.000 2.947
11270.000 2.674
11280.000 2.449
11290.000 2.260
11300.000 2.114
11310.000 1.946
11320.000 1.866
11330.000 1.783
11340.000 1.698
11350.000 1.612
11360.000 1.551
11370.000 1.462
11380.000 1.412
11390.000 1.369
11400.000 1.333
11410.000 1.297
11420.000 1.269
11430.000 1.233
11440.000 1.171
11450.000 1.162
11460.000 1.139
11470.000 1.085
11480.000 1.095
11490.000 1.065
11500.000 1.044
11510.000 1.061
11520.000 1.042
11530.000 1.036
11540.000 1.005
11550.000 0.985
11560.000 1.024
11570.000 1.016
11580.000 1.013
11590.000 0.987
11600.000 0.982
11610.000 0.995
11620.000 1.001
11630.000 0.984
11640.000 0.979
11650.000 1.011
11660.000 0.992
11670.000 0.997
11680.000 1.057
11690.000 1.035
11700.000 1.029
11710.000 1.080
11720.000 1.111
11730.000 1.119
11740.000 1.159
11750.000 1.178
11760.000 1.212
11770.000 1.245
11780.000 1.273
11790.000 1.308
11800.000 1.368
11810.000 1.405
11820.000 1.451
11830.000 1.515
11840.000 1.605
11850.000 1.677
11860.000 1.734
11870.000 1.883
11880.000 2.049
11890.000 2.108
11900.000 2.250
11910.000 2.501
11920.000 2.771
11930.000 3.008
11940.000 3.382
11950.000 3.754
11960.000 4.288
11970.000 4.966
11980.000 5.943
11990.000 7.414
12000.000 8.906
12010.000 10.191
12020.000 10.298
12030.000 9.299
12040.000 7.590
12050.000 6.138
12060.000 5.099
12070.000 4.204
12080.000 3.632
12090.000 3.209
12100.000 2.886
12110.000 2.643
12120.000 2.423
12130.000 2.206
12140.000 2.018
12150.000 1.937
12160.000 1.782
12170.000 1.726
12180.000 1.595
12190.000 1.565
12200.000 1.475
12210.000 1.374
12220.000 1.327
12230.000 1.299
12240.000 1.236
12250.000 1.220
12260.000 1.174
12270.000 1.105
12280.000 1.107
12290.000 1.093
12300.000 1.045
12310.000 0.999
12320.000 0.991
12330.000 0.977
12340.000 0.964
12350.000 0.951
12360.000 0.953
12370.000 0.981
12380.000 0.969
12390.000 0.927
12400.000 0.938
12410.000 0.954
12420.000 0.923
12430.000 0.905
12440.000 0.942
12450.000 0.939
12460.000 0.905
12470.000 0.908
12480.000 0.905
12490.000 0.936
12500.000 0.920
12510.000 0.982
12520.000 0.930
12530.000 0.994
12540.000 0.998
12550.000 0.987
12560.000 1.013
12570.000 1.031
12580.000 1.049
12590.000 1.045
12600.000 1.066
12610.000 1.125
12620.000 1.128
12630.000 1.182
12640.000 1.209
12650.000 1.261
12660.000 1.301
12670.000 1.324
12680.000 1.410
12690.000 1.506
12700.000 1.572
12710.000 1.643
12720.000 1.746
12730.000 1.821
12740.000 1.939
12750.000 2.105
12760.000 2.337
12770.000 2.553
12780.000 2.822
12790.000 3.178
12800.000 3.556
12810.000 3.946
12820.000 4.585
12830.000 5.395
12840.000 6.597
12850.000 7.683
12860.000 8.512
12870.000 8.468
12880.000 7.745
12890.000 6.502
12900.000 5.434
12910.000 4.559
12920.000 3.777
12930.000 3.321
12940.000 2.956
12950.000 2.671
12960.000 2.456
12970.000 2.268
12980.000 2.057
12990.000 1.915
13000.000 1.747
13010.000 1.671
13020.000 1.565
13030.000 1.503
13040.000 1.445
13050.000 1.413
13060.000 1.331
13070.000 1.254
13080.000 1.198
13090.000 1.201
13100.000 1.145
13110.000 1.123
13120.000 1.061
13130.000 1.081
13140.000 1.041
13150.000 0.993
13160.000 0.979
13170.000 0.961
13180.000 0.940
13190.000 0.947
13200.000 0.929
13210.000 0.902
13220.000 0.905
13230.000 0.891
13240.000 0.897
13250.000 0.883
13260.000 0.868
13270.000 0.873
13280.000 0.859
13290.000 0.867
13300.000 0.892
13310.000 0.877
13320.000 0.886
13330.000 0.907
13340.000 0.925
13350.000 0.891
13360.000 0.923
13370.000 0.919
13380.000 0.930
13390.000 0.972
13400.000 0.969
13410.000 0.974
13420.000 1.019
13430.000 0.995
13440.000 1.065
13450.000 1.092
13460.000 1.121
13470.000 1.135
13480.000 1.177
13490.000 1.206
13500.000 1.249
13510.000 1.291
13520.000 1.333
13530.000 1.404
13540.000 1.476
13550.000 1.573
13560.000 1.641
13570.000 1.787
13580.000 1.939
13590.000 2.028
13600.000 2.157
13610.000 2.373
13620.000 2.668
13630.000 2.914
13640.000 3.289
13650.000 3.762
13660.000 4.390
13670.000 4.765
13680.000 5.475
13690.000 6.305
13700.000 6.700
13710.000 6.584
13720.000 6.141
13730.000 5.510
13740.000 4.689
13750.000 4.339
13760.000 3.784
13770.000 3.289
13780.000 2.921
13790.000 2.639
13800.000 2.414
13810.000 2.189
13820.000 2.011
13830.000 1.924
13840.000 1.805
13850.000 1.691
13860.000 1.596
13870.000 1.522
13880.000 1.480
13890.000 1.373
13900.000 1.336
13910.000 1.275
13920.000 1.262
13930.000 1.194
13940.000 1.158
13950.000 1.163
13960.000 1.101
13970.000 1.080
13980.000 1.078
13990.000 1.031
14000.000 1.034
14010.000 1.026
14020.000 1.003
14030.000 0.977
14040.000 0.967
14050.000 0.975
14060.000 0.969
14070.000 0.951
14080.000 0.949
14090.000 0.940
14100.000 0.935
14110.000 0.952
14120.000 0.928
14130.000 0.950
14140.000 0.935
14150.000 0.943
14160.000 0.952
14170.000 0.992
14180.000 0.958
14190.000 1.002
14200.000 1.013
14210.000 1.002
14220.000 1.026
14230.000 1.058
14240.000 1.066
14250.000 1.067
14260.000 1.103
14270.000 1.134
14280.000 1.195
14290.000 1.180
14300.000 1.245
14310.000 1.283
14320.000 1.325
14330.000 1.394
14340.000 1.432
14350.000 1.531
14360.000 1.611
14370.000 1.664
14380.000 1.768
14390.000 1.890
14400.000 2.000
14410.000 2.133
14420.000 2.254
14430.000 2.360
14440.000 2.581
14450.000 2.706
14460.000 2.957
14470.000 3.261
14480.000 3.598
14490.000 3.919
14500.000 4.278
14510.000 4.713
14520.000 4.930
14530.000 5.067
14540.000 5.074
14550.000 4.882
14560.000 4.608
14570.000 4.262
14580.000 3.914
14590.000 3.660
14600.000 3.389
14610.000 3.115
14620.000 2.900
14630.000 2.638
14640.000 2.467
14650.000 2.346
14660.000 2.199
14670.000 2.126
14680.000 1.987
14690.000 1.917
14700.000 1.841
14710.000 1.748
14720.000 1.704
14730.000 1.618
14740.000 1.600
14750.000 1.543
14760.000 1.532
14770.000 1.463
14780.000 1.468
14790.000 1.411
14800.000 1.402
14810.000 1.356
14820.000 1.348
14830.000 1.340
14840.000 1.338
14850.000 1.298
14860.000 1.339
14870.000 1.291
14880.000 1.294
14890.000 1.312
14900.000 1.301
14910.000 1.329
14920.000 1.330
14930.000 1.319
14940.000 1.320
14950.000 1.343
14960.000 1.346
14970.000 1.318
14980.000 1.379
14990.000 1.372
15000.000 1.397
